colsample_bytree: 0.5645173744054912
gamma: 0.736442709685531
learning_rate: 0.038119649787632624
max_depth: 5
min_child_weight: 0
n_estimators: 255
reg_alpha: 0.025485807174149618
reg_lambda: 0.10756402103721194
subsample: 0.6998494326777742
