bootstrap_type: Bayesian
depth: 2
iterations: 361
l2_leaf_reg: 17.988736960204243
learning_rate: 0.05924738183270189
