bootstrap_type: Bayesian
depth: 2
iterations: 993
l2_leaf_reg: 0.20093757318836936
learning_rate: 0.0879383715265046
