bootstrap_type: Bayesian
depth: 2
iterations: 800
l2_leaf_reg: 0.4006097361676937
learning_rate: 0.07690382356795725
