CatBoost: 0.9864823296448425
LDA: 0.9522247246756264
LogisticRegression: 0.9954545454545455
RandomForest: 0.9606107820937237
SVM: 0.9931818181818182
XGBoost: 0.9842096023721152
