CatBoost: 0.9863910980154091
LDA: 0.9522247246756264
LogisticRegression: 0.9954545454545455
RandomForest: 0.9652498492274167
SVM: 0.9931818181818182
XGBoost: 0.9795957950222642
