bootstrap_type: Bayesian
depth: 1
iterations: 913
l2_leaf_reg: 86.38330026738228
learning_rate: 0.04881108705542898
