bootstrap_type: Bayesian
depth: 2
iterations: 787
l2_leaf_reg: 0.3559650166022261
learning_rate: 0.081133627453941
