bootstrap_type: Bayesian
depth: 2
iterations: 875
l2_leaf_reg: 6.148798280849617
learning_rate: 0.09211480595312124
