colsample_bytree: 0.6537433964378485
gamma: 1.1252968766434939
learning_rate: 0.05931564303379525
max_depth: 9
min_child_weight: 4
n_estimators: 294
reg_alpha: 5.681294444539343
reg_lambda: 1.2857242118814405
subsample: 0.8363334901075988
