bootstrap_type: Bayesian
depth: 2
iterations: 760
l2_leaf_reg: 0.6914204657109728
learning_rate: 0.09194613079272816
