bootstrap_type: Bayesian
depth: 4
iterations: 739
l2_leaf_reg: 0.17008673432386523
learning_rate: 0.09799281821855507
