bootstrap_type: Bayesian
depth: 2
iterations: 797
l2_leaf_reg: 57.51392533190978
learning_rate: 0.09981548132190528
