bootstrap_type: Bayesian
depth: 2
iterations: 816
l2_leaf_reg: 47.9282479603397
learning_rate: 0.08741581750874153
