colsample_bytree: 0.6760082801159714
gamma: 0.005754930245063985
learning_rate: 0.03245345848096069
max_depth: 3
min_child_weight: 5
n_estimators: 292
reg_alpha: 0.03480710377910636
reg_lambda: 1.812813206009098
subsample: 0.8577632694766953
