bootstrap_type: Bayesian
depth: 3
iterations: 909
l2_leaf_reg: 16.781202654452905
learning_rate: 0.09074703816386653
