colsample_bytree: 0.4766229402711886
gamma: 0.04032328936545326
learning_rate: 0.06217700073446698
max_depth: 3
min_child_weight: 5
n_estimators: 305
reg_alpha: 0.4607677314819938
reg_lambda: 1.3259344453007411
subsample: 0.4419556865444088
