bootstrap_type: Bayesian
depth: 2
iterations: 942
l2_leaf_reg: 7.809148047057816
learning_rate: 0.09369498369829277
