colsample_bytree: 0.7524775862635941
gamma: 0.42631590668729247
learning_rate: 0.09600636023363122
max_depth: 6
min_child_weight: 4
n_estimators: 410
reg_alpha: 0.7069089093136437
reg_lambda: 1.9400024286910134
subsample: 0.5291228742558713
