bootstrap_type: Bayesian
depth: 3
iterations: 900
l2_leaf_reg: 0.1358061448469271
learning_rate: 0.04861328954649203
