bootstrap_type: Bayesian
depth: 4
iterations: 886
l2_leaf_reg: 6.651501212975221
learning_rate: 0.08932840963242919
