colsample_bytree: 0.8626783904946591
gamma: 1.4991960063983638
learning_rate: 0.04825902667774174
max_depth: 2
min_child_weight: 1
n_estimators: 454
reg_alpha: 5.5231052697326
reg_lambda: 1.0603870107661133
subsample: 0.8595562173749269
