bootstrap_type: Bayesian
depth: 2
iterations: 911
l2_leaf_reg: 72.04099549095714
learning_rate: 0.032655162844477996
