colsample_bytree: 0.8748874175419333
gamma: 0.48973048037888844
learning_rate: 0.0773966548213719
max_depth: 5
min_child_weight: 2
n_estimators: 456
reg_alpha: 0.1665152420756494
reg_lambda: 0.3749611795543003
subsample: 0.7159299729447565
