bootstrap_type: Bayesian
depth: 3
iterations: 350
l2_leaf_reg: 3.262410100738714
learning_rate: 0.09741834253044881
