colsample_bytree: 0.8389932069677183
gamma: 0.21005432813383518
learning_rate: 0.07707668426404626
max_depth: 9
min_child_weight: 2
n_estimators: 192
reg_alpha: 1.1727149213016723
reg_lambda: 0.10980331975157429
subsample: 0.8215177029392609
