colsample_bytree: 0.42345610915947546
gamma: 1.1104546944220028
learning_rate: 0.06039143710843264
max_depth: 6
min_child_weight: 4
n_estimators: 314
reg_alpha: 0.6165702744788883
reg_lambda: 0.7424916020886279
subsample: 0.736183999663218
