colsample_bytree: 0.5197694880685911
gamma: 0.390725678917749
learning_rate: 0.08490090161867915
max_depth: 5
min_child_weight: 3
n_estimators: 374
reg_alpha: 0.16324919106139824
reg_lambda: 0.6293492583056024
subsample: 0.8751975564254547
