bootstrap_type: Bayesian
depth: 2
iterations: 598
l2_leaf_reg: 0.2719819634505289
learning_rate: 0.06789769059834638
