bootstrap_type: Bayesian
depth: 3
iterations: 489
l2_leaf_reg: 46.484314162211135
learning_rate: 0.01725789662390291
