CatBoost: 0.9511734231314024
LogisticRegression: 0.9886612472628011
RandomForest: 0.941570982798962
SVM: 0.9830121253666265
XGBoost: 0.9454924056310215
