CatBoost: 0.9923797859621496
LogisticRegression: 0.9980948492889705
RandomForest: 0.9980948492889705
SVM: 1.0
XGBoost: 0.9942849366731792
