CatBoost: 0.9713439803115769
LogisticRegression: 0.9942822131233932
RandomForest: 0.9636916854672453
SVM: 0.9904742464448526
XGBoost: 0.9731246688715451
