colsample_bytree: 0.7862950463991799
gamma: 0.5533027642912904
learning_rate: 0.04220713223169316
max_depth: 6
min_child_weight: 4
n_estimators: 183
reg_alpha: 3.1899553985232414
reg_lambda: 1.6425789532234099
subsample: 0.6086311665338052
