bootstrap_type: Bayesian
depth: 4
iterations: 811
l2_leaf_reg: 0.1208274779089758
learning_rate: 0.013075272590049555
