bootstrap_type: Bayesian
depth: 2
iterations: 974
l2_leaf_reg: 32.795783731555716
learning_rate: 0.06872539507112066
