bootstrap_type: Bayesian
depth: 2
iterations: 485
l2_leaf_reg: 2.8251175438531817
learning_rate: 0.09058705587241654
