colsample_bytree: 0.47345612473949955
gamma: 0.054827681614563265
learning_rate: 0.05764745714561603
max_depth: 5
min_child_weight: 3
n_estimators: 250
reg_alpha: 0.015251385743528995
reg_lambda: 1.2993950295748846
subsample: 0.6301932117222453
