colsample_bytree: 0.6187828974420865
gamma: 0.02603599813273395
learning_rate: 0.08085153213418422
max_depth: 9
min_child_weight: 4
n_estimators: 358
reg_alpha: 3.411475519938209
reg_lambda: 0.8942725224669427
subsample: 0.45817690181111337
