bootstrap_type: Bayesian
depth: 2
iterations: 849
l2_leaf_reg: 0.3316179376078805
learning_rate: 0.0942746678035218
