bootstrap_type: Bayesian
depth: 4
iterations: 878
l2_leaf_reg: 0.43592082269359134
learning_rate: 0.07566113156518646
