bootstrap_type: Bayesian
depth: 3
iterations: 973
l2_leaf_reg: 2.9996741636882955
learning_rate: 0.04143394696504394
