bootstrap_type: Bayesian
depth: 4
iterations: 704
l2_leaf_reg: 5.551937845500584
learning_rate: 0.061226759799828195
