bootstrap_type: Bayesian
depth: 2
iterations: 753
l2_leaf_reg: 4.2766333724440395
learning_rate: 0.08719128013499233
