colsample_bytree: 0.40760941180609395
gamma: 0.5510189648286553
learning_rate: 0.053260402398876056
max_depth: 4
min_child_weight: 4
n_estimators: 227
reg_alpha: 0.5719794952819984
reg_lambda: 0.9163062571161074
subsample: 0.8383490540971485
