bootstrap_type: Bayesian
depth: 3
iterations: 957
l2_leaf_reg: 3.523071618211005
learning_rate: 0.09476314630859461
