colsample_bytree: 0.7585615250161254
gamma: 0.15055685496157203
learning_rate: 0.05068427471400913
max_depth: 5
min_child_weight: 2
n_estimators: 269
reg_alpha: 0.2969360794608581
reg_lambda: 0.9586424618398028
subsample: 0.6248823803500926
