bootstrap_type: Bayesian
depth: 2
iterations: 501
l2_leaf_reg: 0.08931893846319627
learning_rate: 0.08572230598049498
