colsample_bytree: 0.612599673253067
gamma: 0.5949391654164926
learning_rate: 0.04315530770891762
max_depth: 10
min_child_weight: 4
n_estimators: 322
reg_alpha: 0.029207434736679624
reg_lambda: 1.9919619671298647
subsample: 0.704485951928761
