bootstrap_type: Bayesian
depth: 4
iterations: 927
l2_leaf_reg: 6.54479798868555
learning_rate: 0.08298402437000484
