bootstrap_type: Bayesian
depth: 4
iterations: 811
l2_leaf_reg: 0.6144173217335338
learning_rate: 0.08711340038866419
