bootstrap_type: Bayesian
depth: 4
iterations: 357
l2_leaf_reg: 2.079346688298224
learning_rate: 0.07694530349164044
