colsample_bytree: 0.4721155103061652
gamma: 0.28989505926379033
learning_rate: 0.08627317467018117
max_depth: 6
min_child_weight: 5
n_estimators: 429
reg_alpha: 0.2898662234422315
reg_lambda: 1.6061809453178268
subsample: 0.5323907652959868
