bootstrap_type: Bayesian
depth: 2
iterations: 345
l2_leaf_reg: 2.1387435534873127
learning_rate: 0.09971381054325748
