bootstrap_type: Bayesian
depth: 2
iterations: 671
l2_leaf_reg: 3.9134097875301563
learning_rate: 0.08961036017678231
