bootstrap_type: Bayesian
depth: 2
iterations: 996
l2_leaf_reg: 0.1656895805389187
learning_rate: 0.06394219768604008
