colsample_bytree: 0.4758565917335619
gamma: 0.32401920893864755
learning_rate: 0.07281499548950478
max_depth: 5
min_child_weight: 0
n_estimators: 334
reg_alpha: 1.0449254968713617
reg_lambda: 0.4234436011550309
subsample: 0.8864087661106591
