bootstrap_type: Bayesian
depth: 1
iterations: 798
l2_leaf_reg: 4.532573556374619
learning_rate: 0.07310843545702166
