bootstrap_type: Bayesian
depth: 2
iterations: 712
l2_leaf_reg: 7.2773324069030405
learning_rate: 0.08072807495051339
