colsample_bytree: 0.4073221021708136
gamma: 0.8309353847215288
learning_rate: 0.024933923969092914
max_depth: 6
min_child_weight: 3
n_estimators: 231
reg_alpha: 0.37993395657835705
reg_lambda: 0.18274038697490771
subsample: 0.6098434598035282
