bootstrap_type: Bayesian
depth: 2
iterations: 986
l2_leaf_reg: 48.02146313015837
learning_rate: 0.09250983203289058
