CatBoost: 0.964661215208826
LDA: 0.9481624945358066
LogisticRegression: 0.990133452862168
RandomForest: 0.9338107092864096
SVM: 0.9843340102961438
XGBoost: 0.9591281586159479
